Running: 		./grappa	(without Concorde)
Input: 			1n10k100r4.so
Genome: 		Circular
Median Solver: 		Inversion median by Caprara
Initialization Method: 	Nearest-Neighbors (small)
Initial Median Solver: 	Inversion median by Caprara
NJ Median Solver: 	Inversion median by Caprara
Genome Distance: 	Inversion
Stepping: 		1
Condense: 		OFF
EDE Correction: 	ON
Layered: 		OFF
Branch-and-bound: 	ON
Using Lower Bound: 	ON
Using Tight Bound: 	ON
Number of Genomes:	4
Number of Genes:  	100
Start time is Sun Jul 12 23:42:02 2020

Saitou-Nei NJ		 Tree Score: 44.75

Studier-Keppler NJ	 Tree Score: 27.00

Neighbor-Joining Tree: (((1,4),2),3)

NJ inversion score  =           27
NJ breakpoint score =           52

(S1:21,((S3:11,S2:4):8,S4:8):0);

Genome    1:    1    2    3    4    5    6    7    8    9  -40  -39  -38  -37  -36  -35  -34  -33  -32  -31  -30  -29  -28  -27  -26  -25  -24  -23  -22  -21  -20  -19  -18  -17  -16   78   79   80   81   82   83   84   85  -12  -11  -10   41   42   43   44   45   46   47   48   49   50   51   52   53   54   55   56   57   58   59   60   61   62   63   64   65   66   67   68   69   70   71   72   73   74   75   76   77  -15  -14  -13   86   87   88   89   90   91   92   93   94   95   96   97   98   99  100
Genome   -1:    1    2  -14    5    6    7    8    9   10   11   12   13   -4   -3   15   16   17   18   27   28   29   30   31   32   33   34   35   36   37   38   39   40   41  -75  -74  -73  -72  -71  -70  -69  -68  -67  -66   19  -97  -96  -95  -94  -93  -92  -91  -90  -89  -88  -87  -86  -85  -84  -83  -82  -81   77   78   79   80  -76   42   43   44   45   46  -63  -62  -61  -60  -59  -58  -57  -56  -55  -54  -53  -52  -51  -50  -49  -48  -47   64   65  -26  -25  -24  -23  -22  -21  -20   98   99  100
Genome   -2:    1    2  -14   72   73   74   75  -41  -40  -39  -38  -37   11   12   13   -4   -3   15   16   17   18   27   28   29   30   31   32   33   34   35   52   53   54   55   56   57   58   59   60   61   62   63  -46  -45  -44  -43  -42   76  -80  -79  -78  -77   81   82   83   84   85   86   87   88   89   90   91   92   93   94   95   96   97  -19   66   67   68   69   70   71    5    6    7    8    9   10  -36  -51  -50  -49  -48  -47   64   65   25   26  -24  -23  -22  -21  -20   98   99  100
Genome    3:    1    2  -14   72   73   74   75  -76   42   21   22   23   24  -26  -25  -65  -64   47  -13  -12  -11   37   38   39   40   41  -80  -79  -78  -77   81   82   83   84   85   86   87   88   89   90   91   92   93   94   95   96   97  -19   52   53   54   55   56   57   58   59   60   61   10  -36  -51  -50  -49  -48  -62   -9   -8   -7   -6   -5  -71  -70  -69  -68  -67  -66  -35  -34  -33  -32  -31  -30  -29  -28  -27  -18  -17  -16  -15    3    4   63  -46  -45  -44  -43  -20   98   99  100
Genome    2:    1    2  -14   72   73   74   75  -41  -40  -39  -38  -37   11  -90  -89  -88  -87  -86  -85  -84  -83  -82  -81   77   78   79   80  -76   42   43   44   45   46  -63  -62  -61  -60  -59  -58  -57  -56  -55  -54   -3   15   16   17   18   27   28   29   30   31   32   33   34   35   52   53    4  -13  -12   91   92   93   94   95   96   97  -19   66   67   68   69   70   71    5    6    7    8    9   10  -36  -51  -50  -49  -48  -47   64   65   25   26  -24  -23  -22  -21  -20   98   99  100
Genome    4:    1   53   54   55   56   57   58   59   60   61   62   63  -46  -45  -44  -43  -42   76  -80  -79  -78  -77   81   82   83   84   85   86   87   88   89   90   91   92   93   94   95  100  -64   47   48  -30  -29  -28  -27  -18  -17  -16  -15    3    4  -13  -12  -11  -10   -9   -8   -7   -6   -5   14   -2  -52  -51  -50  -49   31   32   33   34   35   36   37   38   39   40   41  -75  -74  -73  -72  -71  -70  -69  -68  -67  -66   19  -97  -96  -99  -98   20   21   22   23   24   25   26  -65

Number of neighbor-joining trees evaluated:            6

With Tree# 1

(S1:11,((S2:2,S3:6):4,S4:4):0);

Genome    1:    1    2    3    4    5    6    7    8    9  -40  -39  -38  -37  -36  -35  -34  -33  -32  -31  -30  -29  -28  -27  -26  -25  -24  -23  -22  -21  -20  -19  -18  -17  -16   78   79   80   81   82   83   84   85  -12  -11  -10   41   42   43   44   45   46   47   48   49   50   51   52   53   54   55   56   57   58   59   60   61   62   63   64   65   66   67   68   69   70   71   72   73   74   75   76   77  -15  -14  -13   86   87   88   89   90   91   92   93   94   95   96   97   98   99  100
Genome   -2:    1    2  -14    5    6    7    8    9   10   11   12   13   -4   -3   15   16   17   18   27   28   29   30   31   32   33   34   35   36   37   38   39   40   41  -75  -74  -73  -72  -71  -70  -69  -68  -67  -66   19  -97  -96  -95  -94  -93  -92  -91  -90  -89  -88  -87  -86  -85  -84  -83  -82  -81   77   78   79   80  -76   42   43   44   45   46  -63  -62  -61  -60  -59  -58  -57  -56  -55  -54  -53  -52  -51  -50  -49  -48  -47   64   65  -26  -25  -24  -23  -22  -21  -20   98   99  100
Genome   -1:    1    2  -14   72   73   74   75  -41  -40  -39  -38  -37   11   12   13   -4   -3   15   16   17   18   27   28   29   30   31   32   33   34   35   52   53   54   55   56   57   58   59   60   61   62   63  -46  -45  -44  -43  -42   76  -80  -79  -78  -77   81   82   83   84   85   86   87   88   89   90   91   92   93   94   95   96   97  -19   66   67   68   69   70   71    5    6    7    8    9   10  -36  -51  -50  -49  -48  -47   64   65   25   26  -24  -23  -22  -21  -20   98   99  100
Genome    2:    1    2  -14   72   73   74   75  -41  -40  -39  -38  -37   11  -90  -89  -88  -87  -86  -85  -84  -83  -82  -81   77   78   79   80  -76   42   43   44   45   46  -63  -62  -61  -60  -59  -58  -57  -56  -55  -54   -3   15   16   17   18   27   28   29   30   31   32   33   34   35   52   53    4  -13  -12   91   92   93   94   95   96   97  -19   66   67   68   69   70   71    5    6    7    8    9   10  -36  -51  -50  -49  -48  -47   64   65   25   26  -24  -23  -22  -21  -20   98   99  100
Genome    3:    1    2  -14   72   73   74   75  -76   42   21   22   23   24  -26  -25  -65  -64   47  -13  -12  -11   37   38   39   40   41  -80  -79  -78  -77   81   82   83   84   85   86   87   88   89   90   91   92   93   94   95   96   97  -19   52   53   54   55   56   57   58   59   60   61   10  -36  -51  -50  -49  -48  -62   -9   -8   -7   -6   -5  -71  -70  -69  -68  -67  -66  -35  -34  -33  -32  -31  -30  -29  -28  -27  -18  -17  -16  -15    3    4   63  -46  -45  -44  -43  -20   98   99  100
Genome    4:    1   53   54   55   56   57   58   59   60   61   62   63  -46  -45  -44  -43  -42   76  -80  -79  -78  -77   81   82   83   84   85   86   87   88   89   90   91   92   93   94   95  100  -64   47   48  -30  -29  -28  -27  -18  -17  -16  -15    3    4  -13  -12  -11  -10   -9   -8   -7   -6   -5   14   -2  -52  -51  -50  -49   31   32   33   34   35   36   37   38   39   40   41  -75  -74  -73  -72  -71  -70  -69  -68  -67  -66   19  -97  -96  -99  -98   20   21   22   23   24   25   26  -65
inversion score  =           27
breakpoint score =           52
Inv no ede score =           27
End time is Sun Jul 12 23:42:02 2020

Pruned 2 of 3 (0.666667), used0s,best=27
